%YAML:1.0
---
mappointsFile: "0215.mappoints"
nMappoints: 30761
keyframesFile: "0215.keyframes"
nKeyframes: 1127
featuresFile: "0215.features"
nFeatures: 1128119
Options: 1
Options descriptions: [ FEATURES_FILE_DELIMITED ]
cameraMatrices:
   - { fx:9.2117102050781250e+02, fy:9.1901800537109375e+02,
       cx:4.5989999389648438e+02, cy:3.5123999023437500e+02 }
